 1.212013 2.955710 0.4999986 0.1539176
2.080258 3.233177 0.4999999 0.2567185
                  2.691675 3.509092 0.4999960 0.3269221
                  3.184632 3.755970 0.4999984 0.3804467
                  3.607571 3.975865 0.4999984 0.4242064
                  3.983408 4.174260 0.4999991 0.4614332
                  4.324898 4.356999 0.5000026 0.4936464
                  4.640000 1.408707 0.5000048 0.9982838
                  4.934024 1.845705 0.4999970 0.9951378
                  5.210777 2.176719 0.4999997 0.9920144
                  5.472946 2.459318 0.4999993 0.9891192
                  5.722647 2.709519 0.4999994 0.9865737
                  5.961571 2.937468 0.4999998 0.9843326
                  6.190947 3.149394 0.4999998 0.9823181
                  6.411914 3.347599 0.4999996 0.9805440
                  6.625273 3.534795 0.4999994 0.9789591
                  6.831870 3.713259 0.4999996 0.9775057
                  7.032237 3.886090 0.5000011 0.9760617
                  7.226928 4.048204 0.4999995 0.9749425
                  7.416421 4.206679 0.4999995 0.9737876